{
 "cells": [
  {
   "cell_type": "code",
   "execution_count": 25,
   "id": "9e602e7b",
   "metadata": {},
   "outputs": [],
   "source": [
    "from rdkit import Chem\n",
    "from rdkit.Chem import Draw\n",
    "from rdkit.Chem import AllChem\n",
    "import networkx as nx\n",
    "import matplotlib.pyplot as plt\n",
    "import pandas as pd\n",
    "import numpy as np"
   ]
  },
  {
   "cell_type": "code",
   "execution_count": 26,
   "id": "6dc2441f",
   "metadata": {},
   "outputs": [],
   "source": [
    "canonical_file=\"../dataset/canonical_trainset.csv\""
   ]
  },
  {
   "cell_type": "code",
   "execution_count": 27,
   "id": "658ac325",
   "metadata": {},
   "outputs": [],
   "source": [
    "canonical_smiles_df=pd.read_csv(canonical_file)"
   ]
  },
  {
   "cell_type": "code",
   "execution_count": 28,
   "id": "b549df54",
   "metadata": {},
   "outputs": [
    {
     "data": {
      "text/html": [
       "<div>\n",
       "<style scoped>\n",
       "    .dataframe tbody tr th:only-of-type {\n",
       "        vertical-align: middle;\n",
       "    }\n",
       "\n",
       "    .dataframe tbody tr th {\n",
       "        vertical-align: top;\n",
       "    }\n",
       "\n",
       "    .dataframe thead th {\n",
       "        text-align: right;\n",
       "    }\n",
       "</style>\n",
       "<table border=\"1\" class=\"dataframe\">\n",
       "  <thead>\n",
       "    <tr style=\"text-align: right;\">\n",
       "      <th></th>\n",
       "      <th>SMILES</th>\n",
       "      <th>Label</th>\n",
       "    </tr>\n",
       "  </thead>\n",
       "  <tbody>\n",
       "    <tr>\n",
       "      <th>0</th>\n",
       "      <td>CN(C)C(=N)N=C(N)N</td>\n",
       "      <td>Negative</td>\n",
       "    </tr>\n",
       "    <tr>\n",
       "      <th>1</th>\n",
       "      <td>COC(=O)C=CC(=O)O</td>\n",
       "      <td>Negative</td>\n",
       "    </tr>\n",
       "    <tr>\n",
       "      <th>2</th>\n",
       "      <td>O=C(O)C=Cc1ccccc1</td>\n",
       "      <td>Negative</td>\n",
       "    </tr>\n",
       "    <tr>\n",
       "      <th>3</th>\n",
       "      <td>Cc1ccc(C(C)C)cc1O</td>\n",
       "      <td>Negative</td>\n",
       "    </tr>\n",
       "    <tr>\n",
       "      <th>4</th>\n",
       "      <td>COc1ccc(C(=O)O)cc1</td>\n",
       "      <td>Negative</td>\n",
       "    </tr>\n",
       "  </tbody>\n",
       "</table>\n",
       "</div>"
      ],
      "text/plain": [
       "               SMILES     Label\n",
       "0   CN(C)C(=N)N=C(N)N  Negative\n",
       "1    COC(=O)C=CC(=O)O  Negative\n",
       "2   O=C(O)C=Cc1ccccc1  Negative\n",
       "3   Cc1ccc(C(C)C)cc1O  Negative\n",
       "4  COc1ccc(C(=O)O)cc1  Negative"
      ]
     },
     "execution_count": 28,
     "metadata": {},
     "output_type": "execute_result"
    }
   ],
   "source": [
    "canonical_smiles_df.head()"
   ]
  },
  {
   "cell_type": "code",
   "execution_count": 29,
   "id": "9bb2aecb",
   "metadata": {},
   "outputs": [],
   "source": [
    "def find_unique_elements_and_atomic_numbers(smiles_series):\n",
    "    atomic_numbers = {}\n",
    "\n",
    "    for smiles in smiles_series:\n",
    "        mol = Chem.MolFromSmiles(smiles)\n",
    "        if not mol: \n",
    "            continue\n",
    "        \n",
    "        mol_with_h = Chem.AddHs(mol)\n",
    "        \n",
    "        for atom in mol_with_h.GetAtoms():\n",
    "            element = atom.GetSymbol()\n",
    "            atomic_numbers[element] = atom.GetAtomicNum()\n",
    "\n",
    "    return atomic_numbers"
   ]
  },
  {
   "cell_type": "code",
   "execution_count": 30,
   "id": "ef1c1e5a",
   "metadata": {},
   "outputs": [],
   "source": [
    "def one_hot_encode(val, categories):\n",
    "    return [int(val == category) for category in categories]"
   ]
  },
  {
   "cell_type": "code",
   "execution_count": 31,
   "id": "f5e830e8",
   "metadata": {},
   "outputs": [],
   "source": [
    "atomic_numbers = find_unique_elements_and_atomic_numbers(canonical_smiles_df[\"SMILES\"])\n",
    "atom_number = list(atomic_numbers.values())"
   ]
  },
  {
   "cell_type": "markdown",
   "id": "f03dcaaf",
   "metadata": {},
   "source": [
    "# create 3D conformation of molecules"
   ]
  },
  {
   "cell_type": "code",
   "execution_count": 32,
   "id": "3a771c0e",
   "metadata": {},
   "outputs": [],
   "source": [
    "def generate_3d_coordinates(smiles):\n",
    "    mol = Chem.MolFromSmiles(smiles)\n",
    "    if not mol:\n",
    "        return None\n",
    "    mol_with_h = Chem.AddHs(mol)\n",
    "    AllChem.EmbedMolecule(mol_with_h, AllChem.ETKDG())\n",
    "    AllChem.UFFOptimizeMolecule(mol_with_h)\n",
    "    return mol_with_h"
   ]
  },
  {
   "cell_type": "code",
   "execution_count": 33,
   "id": "7bcf84b3",
   "metadata": {},
   "outputs": [],
   "source": [
    "def get_atom_features(atom):\n",
    "    atom_type = atom.GetAtomicNum()\n",
    "    atom_degree = atom.GetDegree()\n",
    "    atom_implicit_valence = atom.GetImplicitValence()\n",
    "    atom_aromatic = int(atom.GetIsAromatic())\n",
    "    atom_hybridization = atom.GetHybridization()\n",
    "    total_num_hs = atom.GetTotalNumHs()   \n",
    "    \n",
    "    atom_type_encoded = one_hot_encode(atom_type,atom_number)  \n",
    "    hybridization_types = [Chem.rdchem.HybridizationType.SP, Chem.rdchem.HybridizationType.SP2, Chem.rdchem.HybridizationType.SP3]\n",
    "    hybridization_encoded = one_hot_encode(atom_hybridization, hybridization_types)\n",
    "    \n",
    "    return np.array([atom_degree, atom_implicit_valence, atom_aromatic, total_num_hs] + atom_type_encoded + hybridization_encoded, dtype=np.float32)\n"
   ]
  },
  {
   "cell_type": "code",
   "execution_count": 34,
   "id": "f0cb3b6e",
   "metadata": {},
   "outputs": [],
   "source": [
    "def get_bond_features(bond):\n",
    "    bond_type = bond.GetBondType()\n",
    "    bond_conjugated = int(bond.GetIsConjugated())\n",
    "    bond_in_ring = int(bond.IsInRing())\n",
    "    \n",
    "    bond_types = [Chem.rdchem.BondType.SINGLE, Chem.rdchem.BondType.DOUBLE, Chem.rdchem.BondType.TRIPLE, Chem.rdchem.BondType.AROMATIC]\n",
    "    bond_type_encoded = one_hot_encode(bond_type, bond_types)\n",
    "    \n",
    "    return np.array([bond_conjugated, bond_in_ring] + bond_type_encoded, dtype=np.float32)"
   ]
  },
  {
   "cell_type": "markdown",
   "id": "1a3a2035",
   "metadata": {},
   "source": [
    "# compute distance matrix"
   ]
  },
  {
   "cell_type": "code",
   "execution_count": 35,
   "id": "791c57aa",
   "metadata": {},
   "outputs": [],
   "source": [
    "def compute_distance_matrix(mol_with_h):\n",
    "    conf = mol_with_h.GetConformer()\n",
    "    num_atoms = mol_with_h.GetNumAtoms()\n",
    "    distance_matrix = np.zeros((num_atoms, num_atoms))\n",
    "    for i in range(num_atoms):\n",
    "        for j in range(i+1, num_atoms):\n",
    "            distance = conf.GetAtomPosition(i).Distance(conf.GetAtomPosition(j))\n",
    "            distance_matrix[i, j] = distance_matrix[j, i] = distance\n",
    "    return distance_matrix"
   ]
  },
  {
   "cell_type": "markdown",
   "id": "ef4c9c8c",
   "metadata": {},
   "source": [
    "# voxelization"
   ]
  },
  {
   "cell_type": "code",
   "execution_count": 36,
   "id": "9408314c",
   "metadata": {},
   "outputs": [],
   "source": [
    "def voxelization(coords, resolution=10, grid_size=20):\n",
    "    voxels = np.zeros((grid_size, grid_size, grid_size))\n",
    "    for coord in coords:\n",
    "        x, y, z = coord\n",
    "        ix, iy, iz = int(x * resolution), int(y * resolution), int(z * resolution)\n",
    "        if 0 <= ix < grid_size and 0 <= iy < grid_size and 0 <= iz < grid_size:\n",
    "            voxels[ix, iy, iz] = 1\n",
    "    return voxels"
   ]
  },
  {
   "cell_type": "markdown",
   "id": "566d7717",
   "metadata": {},
   "source": [
    "# Mian function"
   ]
  },
  {
   "cell_type": "code",
   "execution_count": 37,
   "id": "ee6cfe26",
   "metadata": {},
   "outputs": [],
   "source": [
    "def preprocess_smiles(smiles_list):\n",
    "    nodes_features = []\n",
    "    edges_features = []\n",
    "    adjacency_matrices = []\n",
    "\n",
    "    for smiles in smiles_list:\n",
    "        mol_with_h = generate_3d_coordinates(smiles)\n",
    "        if mol_with_h:\n",
    "\n",
    "            atoms_features = [get_atom_features(atom) for atom in mol_with_h.GetAtoms()]\n",
    "            nodes_features.append(np.array(atoms_features))\n",
    "\n",
    "            num_atoms = len(atoms_features)\n",
    "            adjacency_matrix = np.zeros((num_atoms, num_atoms), dtype=np.float32)\n",
    "            bonds_features = []\n",
    "\n",
    "            for bond in mol_with_h.GetBonds():\n",
    "                start, end = bond.GetBeginAtomIdx(), bond.GetEndAtomIdx()\n",
    "                bond_features = get_bond_features(bond)\n",
    "                bonds_features.append((start, end, bond_features))\n",
    "                adjacency_matrix[start, end] = adjacency_matrix[end, start] = 1\n",
    "\n",
    "            edges_features.append(np.array(bonds_features, dtype=object))\n",
    "            adjacency_matrices.append(adjacency_matrix)\n",
    "\n",
    "            distance_matrix = compute_distance_matrix(mol_with_h)\n",
    "            coords = np.array([mol_with_h.GetConformer().GetAtomPosition(atom.GetIdx()) for atom in mol_with_h.GetAtoms()])\n",
    "            voxels = voxelization(coords)\n",
    "            \n",
    "            return nodes_features,edges_features,adjacency_matrices,distance_matrix,coords,voxels\n",
    "        "
   ]
  },
  {
   "cell_type": "code",
   "execution_count": 38,
   "id": "5c1a0b24",
   "metadata": {},
   "outputs": [
    {
     "name": "stdout",
     "output_type": "stream",
     "text": [
      "Atom Features for GNN: [array([[3., 0., 0., 0., 1., 0., 0., 0., 0., 0., 0., 0., 0., 0., 0., 1.,\n",
      "        0.],\n",
      "       [3., 0., 0., 0., 1., 0., 0., 0., 0., 0., 0., 0., 0., 0., 0., 1.,\n",
      "        0.],\n",
      "       [4., 0., 0., 0., 1., 0., 0., 0., 0., 0., 0., 0., 0., 0., 0., 0.,\n",
      "        1.],\n",
      "       [2., 0., 0., 0., 0., 0., 0., 0., 1., 0., 0., 0., 0., 0., 0., 0.,\n",
      "        1.],\n",
      "       [3., 0., 0., 0., 0., 0., 0., 0., 1., 0., 0., 0., 0., 0., 0., 0.,\n",
      "        1.],\n",
      "       [1., 0., 0., 0., 0., 0., 0., 1., 0., 0., 0., 0., 0., 0., 0., 1.,\n",
      "        0.],\n",
      "       [4., 0., 0., 0., 1., 0., 0., 0., 0., 0., 0., 0., 0., 0., 0., 0.,\n",
      "        1.],\n",
      "       [3., 0., 0., 0., 1., 0., 0., 0., 0., 0., 0., 0., 0., 0., 0., 1.,\n",
      "        0.],\n",
      "       [3., 0., 0., 0., 1., 0., 0., 0., 0., 0., 0., 0., 0., 0., 0., 1.,\n",
      "        0.],\n",
      "       [1., 0., 0., 0., 0., 0., 1., 0., 0., 0., 0., 0., 0., 0., 0., 0.,\n",
      "        0.],\n",
      "       [1., 0., 0., 0., 0., 0., 1., 0., 0., 0., 0., 0., 0., 0., 0., 0.,\n",
      "        0.],\n",
      "       [1., 0., 0., 0., 0., 0., 1., 0., 0., 0., 0., 0., 0., 0., 0., 0.,\n",
      "        0.],\n",
      "       [1., 0., 0., 0., 0., 0., 1., 0., 0., 0., 0., 0., 0., 0., 0., 0.,\n",
      "        0.],\n",
      "       [1., 0., 0., 0., 0., 0., 1., 0., 0., 0., 0., 0., 0., 0., 0., 0.,\n",
      "        0.],\n",
      "       [1., 0., 0., 0., 0., 0., 1., 0., 0., 0., 0., 0., 0., 0., 0., 0.,\n",
      "        0.],\n",
      "       [1., 0., 0., 0., 0., 0., 1., 0., 0., 0., 0., 0., 0., 0., 0., 0.,\n",
      "        0.],\n",
      "       [1., 0., 0., 0., 0., 0., 1., 0., 0., 0., 0., 0., 0., 0., 0., 0.,\n",
      "        0.],\n",
      "       [1., 0., 0., 0., 0., 0., 1., 0., 0., 0., 0., 0., 0., 0., 0., 0.,\n",
      "        0.],\n",
      "       [1., 0., 0., 0., 0., 0., 1., 0., 0., 0., 0., 0., 0., 0., 0., 0.,\n",
      "        0.]], dtype=float32)]\n",
      "Edge Features for GNN: [array([[0, 1, array([0., 0., 0., 1., 0., 0.], dtype=float32)],\n",
      "       [1, 2, array([0., 0., 1., 0., 0., 0.], dtype=float32)],\n",
      "       [2, 3, array([0., 0., 1., 0., 0., 0.], dtype=float32)],\n",
      "       [3, 4, array([0., 0., 1., 0., 0., 0.], dtype=float32)],\n",
      "       [4, 5, array([0., 0., 0., 1., 0., 0.], dtype=float32)],\n",
      "       [4, 6, array([0., 0., 1., 0., 0., 0.], dtype=float32)],\n",
      "       [6, 7, array([0., 0., 1., 0., 0., 0.], dtype=float32)],\n",
      "       [7, 8, array([0., 0., 0., 1., 0., 0.], dtype=float32)],\n",
      "       [0, 9, array([0., 0., 1., 0., 0., 0.], dtype=float32)],\n",
      "       [0, 10, array([0., 0., 1., 0., 0., 0.], dtype=float32)],\n",
      "       [1, 11, array([0., 0., 1., 0., 0., 0.], dtype=float32)],\n",
      "       [2, 12, array([0., 0., 1., 0., 0., 0.], dtype=float32)],\n",
      "       [2, 13, array([0., 0., 1., 0., 0., 0.], dtype=float32)],\n",
      "       [6, 14, array([0., 0., 1., 0., 0., 0.], dtype=float32)],\n",
      "       [6, 15, array([0., 0., 1., 0., 0., 0.], dtype=float32)],\n",
      "       [7, 16, array([0., 0., 1., 0., 0., 0.], dtype=float32)],\n",
      "       [8, 17, array([0., 0., 1., 0., 0., 0.], dtype=float32)],\n",
      "       [8, 18, array([0., 0., 1., 0., 0., 0.], dtype=float32)]],\n",
      "      dtype=object)]\n",
      "Adjacency Matrix for GNN: [array([[0., 1., 0., 0., 0., 0., 0., 0., 0., 1., 1., 0., 0., 0., 0., 0.,\n",
      "        0., 0., 0.],\n",
      "       [1., 0., 1., 0., 0., 0., 0., 0., 0., 0., 0., 1., 0., 0., 0., 0.,\n",
      "        0., 0., 0.],\n",
      "       [0., 1., 0., 1., 0., 0., 0., 0., 0., 0., 0., 0., 1., 1., 0., 0.,\n",
      "        0., 0., 0.],\n",
      "       [0., 0., 1., 0., 1., 0., 0., 0., 0., 0., 0., 0., 0., 0., 0., 0.,\n",
      "        0., 0., 0.],\n",
      "       [0., 0., 0., 1., 0., 1., 1., 0., 0., 0., 0., 0., 0., 0., 0., 0.,\n",
      "        0., 0., 0.],\n",
      "       [0., 0., 0., 0., 1., 0., 0., 0., 0., 0., 0., 0., 0., 0., 0., 0.,\n",
      "        0., 0., 0.],\n",
      "       [0., 0., 0., 0., 1., 0., 0., 1., 0., 0., 0., 0., 0., 0., 1., 1.,\n",
      "        0., 0., 0.],\n",
      "       [0., 0., 0., 0., 0., 0., 1., 0., 1., 0., 0., 0., 0., 0., 0., 0.,\n",
      "        1., 0., 0.],\n",
      "       [0., 0., 0., 0., 0., 0., 0., 1., 0., 0., 0., 0., 0., 0., 0., 0.,\n",
      "        0., 1., 1.],\n",
      "       [1., 0., 0., 0., 0., 0., 0., 0., 0., 0., 0., 0., 0., 0., 0., 0.,\n",
      "        0., 0., 0.],\n",
      "       [1., 0., 0., 0., 0., 0., 0., 0., 0., 0., 0., 0., 0., 0., 0., 0.,\n",
      "        0., 0., 0.],\n",
      "       [0., 1., 0., 0., 0., 0., 0., 0., 0., 0., 0., 0., 0., 0., 0., 0.,\n",
      "        0., 0., 0.],\n",
      "       [0., 0., 1., 0., 0., 0., 0., 0., 0., 0., 0., 0., 0., 0., 0., 0.,\n",
      "        0., 0., 0.],\n",
      "       [0., 0., 1., 0., 0., 0., 0., 0., 0., 0., 0., 0., 0., 0., 0., 0.,\n",
      "        0., 0., 0.],\n",
      "       [0., 0., 0., 0., 0., 0., 1., 0., 0., 0., 0., 0., 0., 0., 0., 0.,\n",
      "        0., 0., 0.],\n",
      "       [0., 0., 0., 0., 0., 0., 1., 0., 0., 0., 0., 0., 0., 0., 0., 0.,\n",
      "        0., 0., 0.],\n",
      "       [0., 0., 0., 0., 0., 0., 0., 1., 0., 0., 0., 0., 0., 0., 0., 0.,\n",
      "        0., 0., 0.],\n",
      "       [0., 0., 0., 0., 0., 0., 0., 0., 1., 0., 0., 0., 0., 0., 0., 0.,\n",
      "        0., 0., 0.],\n",
      "       [0., 0., 0., 0., 0., 0., 0., 0., 1., 0., 0., 0., 0., 0., 0., 0.,\n",
      "        0., 0., 0.]], dtype=float32)]\n",
      "Distance Matrix for 3D-CNN: [[0.         1.33486921 2.46868451 4.02228797 4.70959545 3.89525588\n",
      "  5.44231603 6.57538752 7.63966949 1.08597944 1.08515532 2.08968521\n",
      "  2.78146995 2.77548767 4.8643776  6.01104451 6.7250104  8.50799843\n",
      "  7.79087071]\n",
      " [1.33486921 0.         1.50136745 2.74528769 3.58887812 3.02844196\n",
      "  4.55061311 5.76378123 6.70527874 2.10975597 2.09999282 1.08642024\n",
      "  2.13613413 2.15288523 4.19041137 5.05105036 6.09958622 7.63245072\n",
      "  6.72555804]\n",
      " [2.46868451 1.50136745 0.         1.82728421 2.97742981 2.99682741\n",
      "  3.55380956 4.94916756 5.89839696 2.68770514 3.46129507 2.25214926\n",
      "  1.11037585 1.10826584 3.19652772 3.82687635 5.3962428  6.89988839\n",
      "  5.86080416]\n",
      " [4.02228797 2.74528769 1.82728421 0.         2.12984996 2.9369496\n",
      "  3.14806748 4.507343   5.09155996 4.46271733 4.8388279  2.80173234\n",
      "  2.41232497 2.45408555 3.39150259 3.17233172 5.26962303 6.14761461\n",
      "  4.7511043 ]\n",
      " [4.70959545 3.58887812 2.97742981 2.12984996 0.         1.52301729\n",
      "  1.80781034 2.72084078 3.28015546 5.15799966 5.40974286 3.53627289\n",
      "  3.94891078 2.87989542 2.41765582 2.41777038 3.47828342 4.25258312\n",
      "  3.17275233]\n",
      " [3.89525588 3.02844196 2.99682741 2.9369496  1.52301729 0.\n",
      "  2.65201039 3.28459658 4.07771638 4.42807039 4.41748995 2.94578763\n",
      "  4.10324273 2.78724068 2.75607762 3.5775656  3.63163394 4.86148664\n",
      "  4.2767218 ]\n",
      " [5.44231603 4.55061311 3.55380956 3.14806748 1.80781034 2.65201039\n",
      "  0.         1.50020568 2.47752186 5.54807476 6.29838707 4.8627808\n",
      "  4.32083457 2.95049149 1.10906454 1.11069941 2.23950814 3.46714882\n",
      "  2.70338377]\n",
      " [6.57538752 5.76378123 4.94916756 4.507343   2.72084078 3.28459658\n",
      "  1.50020568 0.         1.33610376 6.69742365 7.33064412 5.97691634\n",
      "  5.77871274 4.27666878 2.13642458 2.14876625 1.08599926 2.10093457\n",
      "  2.11098206]\n",
      " [7.63966949 6.70527874 5.89839696 5.09155996 3.28015546 4.07771638\n",
      "  2.47752186 1.33610376 0.         7.85967529 8.35882077 6.76351245\n",
      "  6.72493154 5.3788024  3.36372638 2.75353557 2.09329162 1.08510496\n",
      "  1.0859269 ]\n",
      " [1.08597944 2.10975597 2.68770514 4.46271733 5.15799966 4.42807039\n",
      "  5.54807476 6.69742365 7.85967529 0.         1.87102829 3.06500555\n",
      "  2.74373423 2.71226763 4.79689641 6.05840486 6.75611621 8.72139844\n",
      "  8.08153984]\n",
      " [1.08515532 2.09999282 3.46129507 4.8388279  5.40974286 4.41748995\n",
      "  6.29838707 7.33064412 8.35882077 1.87102829 0.         2.40433799\n",
      "  3.79739602 3.79967162 5.76331567 6.94230526 7.43545655 9.17738122\n",
      "  8.52628841]\n",
      " [2.08968521 1.08642024 2.25214926 2.80173234 3.53627289 2.94578763\n",
      "  4.8627808  5.97691634 6.76351245 3.06500555 2.40433799 0.\n",
      "  2.95429925 2.98848432 4.71788962 5.39553862 6.39255041 7.66721467\n",
      "  6.69767475]\n",
      " [2.78146995 2.13613413 1.11037585 2.41232497 3.94891078 4.10324273\n",
      "  4.32083457 5.77871274 6.72493154 2.74373423 3.79739602 2.95429925\n",
      "  0.         1.79427303 3.89926265 4.37555365 6.23117099 7.75169533\n",
      "  6.63414818]\n",
      " [2.77548767 2.15288523 1.10826584 2.45408555 2.87989542 2.78724068\n",
      "  2.95049149 4.27666878 5.3788024  2.71226763 3.79967162 2.98848432\n",
      "  1.79427303 0.         2.32167572 3.35129287 4.57242082 6.32843676\n",
      "  5.51878883]\n",
      " [4.8643776  4.19041137 3.19652772 3.39150259 2.41765582 2.75607762\n",
      "  1.10906454 2.13642458 3.36372638 4.79689641 5.76331567 4.71788962\n",
      "  3.89926265 2.32167572 0.         1.80069334 2.39515648 4.23252319\n",
      "  3.7582052 ]\n",
      " [6.01104451 5.05105036 3.82687635 3.17233172 2.41777038 3.5775656\n",
      "  1.11069941 2.14876625 2.75353557 6.05840486 6.94230526 5.39553862\n",
      "  4.37555365 3.35129287 1.80069334 0.         2.99060561 3.78157149\n",
      "  2.67677428]\n",
      " [6.7250104  6.09958622 5.3962428  5.26962303 3.47828342 3.63163394\n",
      "  2.23950814 1.08599926 2.09329162 6.75611621 7.43545655 6.39255041\n",
      "  6.23117099 4.57242082 2.39515648 2.99060561 0.         2.40966081\n",
      "  3.06761788]\n",
      " [8.50799843 7.63245072 6.89988839 6.14761461 4.25258312 4.86148664\n",
      "  3.46714882 2.10093457 1.08510496 8.72139844 9.17738122 7.66721467\n",
      "  7.75169533 6.32843676 4.23252319 3.78157149 2.40966081 0.\n",
      "  1.87089881]\n",
      " [7.79087071 6.72555804 5.86080416 4.7511043  3.17275233 4.2767218\n",
      "  2.70338377 2.11098206 1.0859269  8.08153984 8.52628841 6.69767475\n",
      "  6.63414818 5.51878883 3.7582052  2.67677428 3.06761788 1.87089881\n",
      "  0.        ]]\n",
      "Coordinates for 3D-CNN: [[-3.76886273 -0.00511785  0.18821021]\n",
      " [-2.73502994 -0.55979526 -0.44849892]\n",
      " [-1.63608168 -1.24200539  0.31373877]\n",
      " [-0.37299927 -1.90662841 -0.82725495]\n",
      " [ 0.78167054 -0.12726686 -1.01927305]\n",
      " [-0.22218364  1.01750456 -1.05610854]\n",
      " [ 1.66107174  0.06303223  0.54872504]\n",
      " [ 2.70173659  1.13765254  0.43547773]\n",
      " [ 3.78930002  0.98248412 -0.32498384]\n",
      " [-3.83883069 -0.03603525  1.27149224]\n",
      " [-4.55461046  0.48610541 -0.37646872]\n",
      " [-2.69623007 -0.5087036  -1.53302331]\n",
      " [-2.0678776  -2.09461843  0.87901553]\n",
      " [-1.18387481 -0.54199859  1.04432252]\n",
      " [ 0.94281012  0.3385766   1.34759906]\n",
      " [ 2.1410318  -0.89978682  0.82489708]\n",
      " [ 2.58091122  2.05262822  1.00785445]\n",
      " [ 4.53230013  1.771555   -0.37762179]\n",
      " [ 3.94574873  0.07241778 -0.8964209 ]]\n",
      "Voxels for 3D-CNN: [[[0. 0. 0. ... 0. 0. 0.]\n",
      "  [0. 0. 0. ... 0. 0. 0.]\n",
      "  [0. 0. 0. ... 0. 0. 0.]\n",
      "  ...\n",
      "  [0. 0. 0. ... 0. 0. 0.]\n",
      "  [0. 0. 0. ... 0. 0. 0.]\n",
      "  [0. 0. 0. ... 0. 0. 0.]]\n",
      "\n",
      " [[0. 0. 0. ... 0. 0. 0.]\n",
      "  [0. 0. 0. ... 0. 0. 0.]\n",
      "  [0. 0. 0. ... 0. 0. 0.]\n",
      "  ...\n",
      "  [0. 0. 0. ... 0. 0. 0.]\n",
      "  [0. 0. 0. ... 0. 0. 0.]\n",
      "  [0. 0. 0. ... 0. 0. 0.]]\n",
      "\n",
      " [[0. 0. 0. ... 0. 0. 0.]\n",
      "  [0. 0. 0. ... 0. 0. 0.]\n",
      "  [0. 0. 0. ... 0. 0. 0.]\n",
      "  ...\n",
      "  [0. 0. 0. ... 0. 0. 0.]\n",
      "  [0. 0. 0. ... 0. 0. 0.]\n",
      "  [0. 0. 0. ... 0. 0. 0.]]\n",
      "\n",
      " ...\n",
      "\n",
      " [[0. 0. 0. ... 0. 0. 0.]\n",
      "  [0. 0. 0. ... 0. 0. 0.]\n",
      "  [0. 0. 0. ... 0. 0. 0.]\n",
      "  ...\n",
      "  [0. 0. 0. ... 0. 0. 0.]\n",
      "  [0. 0. 0. ... 0. 0. 0.]\n",
      "  [0. 0. 0. ... 0. 0. 0.]]\n",
      "\n",
      " [[0. 0. 0. ... 0. 0. 0.]\n",
      "  [0. 0. 0. ... 0. 0. 0.]\n",
      "  [0. 0. 0. ... 0. 0. 0.]\n",
      "  ...\n",
      "  [0. 0. 0. ... 0. 0. 0.]\n",
      "  [0. 0. 0. ... 0. 0. 0.]\n",
      "  [0. 0. 0. ... 0. 0. 0.]]\n",
      "\n",
      " [[0. 0. 0. ... 0. 0. 0.]\n",
      "  [0. 0. 0. ... 0. 0. 0.]\n",
      "  [0. 0. 0. ... 0. 0. 0.]\n",
      "  ...\n",
      "  [0. 0. 0. ... 0. 0. 0.]\n",
      "  [0. 0. 0. ... 0. 0. 0.]\n",
      "  [0. 0. 0. ... 0. 0. 0.]]]\n"
     ]
    }
   ],
   "source": [
    "smiles_list=[\"C=CCSS(=O)CC=C\"]\n",
    "nodes_features,edges_features,adjacency_matrices,distance_matrix,coords,voxels=preprocess_smiles(smiles_list)\n",
    "\n",
    "\n",
    "print(\"Atom Features for GNN:\", nodes_features)\n",
    "print(\"Edge Features for GNN:\", edges_features)\n",
    "print(\"Adjacency Matrix for GNN:\", adjacency_matrices)\n",
    "print(\"Distance Matrix for 3D-CNN:\", distance_matrix)\n",
    "print(\"Coordinates for 3D-CNN:\", coords)\n",
    "print(\"Voxels for 3D-CNN:\",voxels)"
   ]
  },
  {
   "cell_type": "code",
   "execution_count": null,
   "id": "e5c8ca91",
   "metadata": {},
   "outputs": [],
   "source": []
  }
 ],
 "metadata": {
  "kernelspec": {
   "display_name": "Python 3 (ipykernel)",
   "language": "python",
   "name": "python3"
  },
  "language_info": {
   "codemirror_mode": {
    "name": "ipython",
    "version": 3
   },
   "file_extension": ".py",
   "mimetype": "text/x-python",
   "name": "python",
   "nbconvert_exporter": "python",
   "pygments_lexer": "ipython3",
   "version": "3.11.4"
  }
 },
 "nbformat": 4,
 "nbformat_minor": 5
}
