{
 "cells": [
  {
   "cell_type": "code",
   "execution_count": 47,
   "id": "9d67823a",
   "metadata": {},
   "outputs": [],
   "source": [
    "from rdkit import Chem\n",
    "from rdkit.Chem import Draw\n",
    "from rdkit.Chem import AllChem\n",
    "import networkx as nx\n",
    "import matplotlib.pyplot as plt\n",
    "import pandas as pd\n",
    "import numpy as np"
   ]
  },
  {
   "cell_type": "code",
   "execution_count": 48,
   "id": "590e4e0b",
   "metadata": {},
   "outputs": [],
   "source": [
    "canonical_file=\"../dataset/canonical_trainset.csv\""
   ]
  },
  {
   "cell_type": "code",
   "execution_count": 49,
   "id": "db123dc4",
   "metadata": {},
   "outputs": [],
   "source": [
    "canonical_smiles_df=pd.read_csv(canonical_file)"
   ]
  },
  {
   "cell_type": "code",
   "execution_count": 50,
   "id": "83e5a994",
   "metadata": {},
   "outputs": [
    {
     "data": {
      "text/html": [
       "<div>\n",
       "<style scoped>\n",
       "    .dataframe tbody tr th:only-of-type {\n",
       "        vertical-align: middle;\n",
       "    }\n",
       "\n",
       "    .dataframe tbody tr th {\n",
       "        vertical-align: top;\n",
       "    }\n",
       "\n",
       "    .dataframe thead th {\n",
       "        text-align: right;\n",
       "    }\n",
       "</style>\n",
       "<table border=\"1\" class=\"dataframe\">\n",
       "  <thead>\n",
       "    <tr style=\"text-align: right;\">\n",
       "      <th></th>\n",
       "      <th>SMILES</th>\n",
       "      <th>Label</th>\n",
       "    </tr>\n",
       "  </thead>\n",
       "  <tbody>\n",
       "    <tr>\n",
       "      <th>0</th>\n",
       "      <td>CN(C)C(=N)N=C(N)N</td>\n",
       "      <td>Negative</td>\n",
       "    </tr>\n",
       "    <tr>\n",
       "      <th>1</th>\n",
       "      <td>COC(=O)C=CC(=O)O</td>\n",
       "      <td>Negative</td>\n",
       "    </tr>\n",
       "    <tr>\n",
       "      <th>2</th>\n",
       "      <td>O=C(O)C=Cc1ccccc1</td>\n",
       "      <td>Negative</td>\n",
       "    </tr>\n",
       "    <tr>\n",
       "      <th>3</th>\n",
       "      <td>Cc1ccc(C(C)C)cc1O</td>\n",
       "      <td>Negative</td>\n",
       "    </tr>\n",
       "    <tr>\n",
       "      <th>4</th>\n",
       "      <td>COc1ccc(C(=O)O)cc1</td>\n",
       "      <td>Negative</td>\n",
       "    </tr>\n",
       "  </tbody>\n",
       "</table>\n",
       "</div>"
      ],
      "text/plain": [
       "               SMILES     Label\n",
       "0   CN(C)C(=N)N=C(N)N  Negative\n",
       "1    COC(=O)C=CC(=O)O  Negative\n",
       "2   O=C(O)C=Cc1ccccc1  Negative\n",
       "3   Cc1ccc(C(C)C)cc1O  Negative\n",
       "4  COc1ccc(C(=O)O)cc1  Negative"
      ]
     },
     "execution_count": 50,
     "metadata": {},
     "output_type": "execute_result"
    }
   ],
   "source": [
    "canonical_smiles_df.head()"
   ]
  },
  {
   "cell_type": "code",
   "execution_count": 51,
   "id": "40b82db9",
   "metadata": {},
   "outputs": [],
   "source": [
    "def find_unique_elements_and_atomic_numbers(smiles_series):\n",
    "    atomic_numbers = {}\n",
    "\n",
    "    for smiles in smiles_series:\n",
    "        mol = Chem.MolFromSmiles(smiles)\n",
    "        if not mol: \n",
    "            continue\n",
    "        \n",
    "        mol_with_h = Chem.AddHs(mol)\n",
    "        \n",
    "        for atom in mol_with_h.GetAtoms():\n",
    "            element = atom.GetSymbol()\n",
    "            atomic_numbers[element] = atom.GetAtomicNum()\n",
    "\n",
    "    return atomic_numbers"
   ]
  },
  {
   "cell_type": "code",
   "execution_count": 52,
   "id": "ad42c27b",
   "metadata": {},
   "outputs": [],
   "source": [
    "def one_hot_encode(val, categories):\n",
    "    return [int(val == category) for category in categories]"
   ]
  },
  {
   "cell_type": "code",
   "execution_count": 53,
   "id": "4e973ddc",
   "metadata": {},
   "outputs": [],
   "source": [
    "def get_atom_number(smiles):\n",
    "\n",
    "    atomic_numbers = find_unique_elements_and_atomic_numbers(smiles)\n",
    "    atom_number = list(atomic_numbers.values())\n",
    "    return atom_number"
   ]
  },
  {
   "cell_type": "markdown",
   "id": "8c270518",
   "metadata": {},
   "source": [
    "# create 3D conformation of molecules"
   ]
  },
  {
   "cell_type": "code",
   "execution_count": 54,
   "id": "42465bf4",
   "metadata": {},
   "outputs": [],
   "source": [
    "def generate_3d_coordinates(smiles):\n",
    "    mol = Chem.MolFromSmiles(smiles)\n",
    "    if not mol:\n",
    "        return None\n",
    "    mol_with_h = Chem.AddHs(mol)\n",
    "    AllChem.EmbedMolecule(mol_with_h, AllChem.ETKDG())\n",
    "    AllChem.UFFOptimizeMolecule(mol_with_h)\n",
    "    return mol_with_h"
   ]
  },
  {
   "cell_type": "code",
   "execution_count": 55,
   "id": "f772a65b",
   "metadata": {},
   "outputs": [],
   "source": [
    "def get_atom_features(atom,smiles):\n",
    "    atom_type = atom.GetAtomicNum()\n",
    "    atom_degree = atom.GetDegree()\n",
    "    atom_implicit_valence = atom.GetImplicitValence()\n",
    "    atom_aromatic = int(atom.GetIsAromatic())\n",
    "    atom_hybridization = atom.GetHybridization()\n",
    "    total_num_hs = atom.GetTotalNumHs()   \n",
    "    \n",
    "    atom_number=get_atom_number(smiles)\n",
    "    \n",
    "    atom_type_encoded = one_hot_encode(atom_type,atom_number)  \n",
    "    hybridization_types = [Chem.rdchem.HybridizationType.SP, Chem.rdchem.HybridizationType.SP2, Chem.rdchem.HybridizationType.SP3]\n",
    "    hybridization_encoded = one_hot_encode(atom_hybridization, hybridization_types)\n",
    "    \n",
    "    return np.array([atom_degree, atom_implicit_valence, atom_aromatic, total_num_hs] + atom_type_encoded + hybridization_encoded, dtype=np.float32)\n"
   ]
  },
  {
   "cell_type": "code",
   "execution_count": 56,
   "id": "6360a11f",
   "metadata": {},
   "outputs": [],
   "source": [
    "def get_bond_features(bond):\n",
    "    bond_type = bond.GetBondType()\n",
    "    bond_conjugated = int(bond.GetIsConjugated())\n",
    "    bond_in_ring = int(bond.IsInRing())\n",
    "    \n",
    "    bond_types = [Chem.rdchem.BondType.SINGLE, Chem.rdchem.BondType.DOUBLE, Chem.rdchem.BondType.TRIPLE, Chem.rdchem.BondType.AROMATIC]\n",
    "    bond_type_encoded = one_hot_encode(bond_type, bond_types)\n",
    "    \n",
    "    return np.array([bond_conjugated, bond_in_ring] + bond_type_encoded, dtype=np.float32)"
   ]
  },
  {
   "cell_type": "markdown",
   "id": "56face3e",
   "metadata": {},
   "source": [
    "# compute distance matrix"
   ]
  },
  {
   "cell_type": "code",
   "execution_count": 57,
   "id": "eb4a5a08",
   "metadata": {},
   "outputs": [],
   "source": [
    "def compute_distance_matrix(mol_with_h):\n",
    "    conf = mol_with_h.GetConformer()\n",
    "    num_atoms = mol_with_h.GetNumAtoms()\n",
    "    distance_matrix = np.zeros((num_atoms, num_atoms))\n",
    "    for i in range(num_atoms):\n",
    "        for j in range(i+1, num_atoms):\n",
    "            distance = conf.GetAtomPosition(i).Distance(conf.GetAtomPosition(j))\n",
    "            distance_matrix[i, j] = distance_matrix[j, i] = distance\n",
    "    return distance_matrix"
   ]
  },
  {
   "cell_type": "markdown",
   "id": "53c1ba27",
   "metadata": {},
   "source": [
    "# voxelization"
   ]
  },
  {
   "cell_type": "code",
   "execution_count": 58,
   "id": "e9c344a1",
   "metadata": {},
   "outputs": [],
   "source": [
    "def voxelization(coords, resolution=10, grid_size=20):\n",
    "    voxels = np.zeros((grid_size, grid_size, grid_size))\n",
    "    voxel_size = 1.0 / resolution\n",
    "    center = grid_size / 2\n",
    "    for x, y, z in coords:\n",
    "        ix = int((x / voxel_size) + center)\n",
    "        iy = int((y / voxel_size) + center)\n",
    "        iz = int((z / voxel_size) + center)\n",
    "        \n",
    "        if 0 <= ix < grid_size and 0 <= iy < grid_size and 0 <= iz < grid_size:\n",
    "            voxels[ix, iy, iz] = 1  \n",
    "    return voxels\n"
   ]
  },
  {
   "cell_type": "markdown",
   "id": "017e872f",
   "metadata": {},
   "source": [
    "# Mian function"
   ]
  },
  {
   "cell_type": "code",
   "execution_count": 59,
   "id": "683423ad",
   "metadata": {},
   "outputs": [],
   "source": [
    "def preprocess_smiles_with_labels_3d(smiles_list, labels):\n",
    "    \n",
    "    graph_data = []\n",
    "    \n",
    "    label_map = {'Negative': 0, 'Positive': 1}\n",
    "\n",
    "    for smiles, label in zip(smiles_list, labels):\n",
    "        mol_with_h = generate_3d_coordinates(smiles)\n",
    "        if mol_with_h is None:\n",
    "            continue\n",
    "\n",
    "        atoms_features = [get_atom_features(atom,smiles_list) for atom in mol_with_h.GetAtoms()]\n",
    "        num_atoms = len(atoms_features)\n",
    "        \n",
    "        adjacency_matrix = np.zeros((num_atoms, num_atoms), dtype=np.float32)\n",
    "        \n",
    "        bonds_features = []\n",
    "\n",
    "        for bond in mol_with_h.GetBonds():\n",
    "            start, end = bond.GetBeginAtomIdx(), bond.GetEndAtomIdx()\n",
    "            bond_features = get_bond_features(bond)\n",
    "            bonds_features.append((start, end, bond_features))\n",
    "            \n",
    "            adjacency_matrix[start, end] = adjacency_matrix[end, start] = 1\n",
    "\n",
    "        distance_matrix = compute_distance_matrix(mol_with_h)\n",
    "        coords = np.array([mol_with_h.GetConformer().GetAtomPosition(atom.GetIdx()) for atom in mol_with_h.GetAtoms()])\n",
    "        \n",
    "        voxels = voxelization(coords)\n",
    "\n",
    "        graph_data.append({\n",
    "            'nodes_features': np.array(atoms_features),\n",
    "            'edges_features': np.array(bonds_features, dtype=object),\n",
    "            'adjacency_matrix': adjacency_matrix,\n",
    "            'distance_matrix': distance_matrix,\n",
    "            'coords': coords,\n",
    "            'voxels': voxels,\n",
    "            'label': label_map[label] \n",
    "        })\n",
    "\n",
    "    return graph_data"
   ]
  },
  {
   "cell_type": "markdown",
   "id": "6b055e45",
   "metadata": {},
   "source": [
    "# test"
   ]
  },
  {
   "cell_type": "code",
   "execution_count": 76,
   "id": "95b27fc9",
   "metadata": {},
   "outputs": [],
   "source": [
    "labels = canonical_smiles_df['Label'][:10].values "
   ]
  },
  {
   "cell_type": "code",
   "execution_count": 77,
   "id": "61a73c23",
   "metadata": {},
   "outputs": [],
   "source": [
    "graph_data = preprocess_smiles_with_labels_3d(canonical_smiles_df[\"SMILES\"][:10].values, labels)"
   ]
  },
  {
   "cell_type": "code",
   "execution_count": 78,
   "id": "5c486978",
   "metadata": {},
   "outputs": [
    {
     "name": "stdout",
     "output_type": "stream",
     "text": [
      "nodes_features  edges_features  adjacency_matrix  distance_matrix  coords       voxels\n",
      "(20, 12)         (19, 3)          (20, 20)           (20, 20)     (20, 3)    (20, 20, 20)\n",
      "(15, 12)         (14, 3)          (15, 15)           (15, 15)     (15, 3)    (20, 20, 20)\n",
      "(19, 12)         (19, 3)          (19, 19)           (19, 19)     (19, 3)    (20, 20, 20)\n",
      "(25, 12)         (25, 3)          (25, 25)           (25, 25)     (25, 3)    (20, 20, 20)\n",
      "(19, 12)         (19, 3)          (19, 19)           (19, 19)     (19, 3)    (20, 20, 20)\n",
      "(29, 12)         (28, 3)          (29, 29)           (29, 29)     (29, 3)    (20, 20, 20)\n",
      "(31, 12)         (30, 3)          (31, 31)           (31, 31)     (31, 3)    (20, 20, 20)\n",
      "(23, 12)         (24, 3)          (23, 23)           (23, 23)     (23, 3)    (20, 20, 20)\n",
      "(22, 12)         (22, 3)          (22, 22)           (22, 22)     (22, 3)    (20, 20, 20)\n",
      "(19, 12)         (18, 3)          (19, 19)           (19, 19)     (19, 3)    (20, 20, 20)\n"
     ]
    }
   ],
   "source": [
    "print(\"nodes_features  edges_features  adjacency_matrix  distance_matrix  coords       voxels\")\n",
    "for item in graph_data:\n",
    "    nodes_features=item['nodes_features']\n",
    "    edges_features=item['edges_features']\n",
    "    adjacency_matrix=item['adjacency_matrix']\n",
    "    distance_matrix=item['distance_matrix']\n",
    "    coords=item['coords']\n",
    "    voxels=item['voxels']\n",
    "    print(f\"{nodes_features.shape}         {edges_features.shape}          {adjacency_matrix.shape}           {distance_matrix.shape}     {coords.shape}    {voxels.shape}\")"
   ]
  },
  {
   "cell_type": "code",
   "execution_count": 79,
   "id": "4e6b55a7",
   "metadata": {},
   "outputs": [
    {
     "data": {
      "text/plain": [
       "{'nodes_features': array([[4., 0., 0., 0., 1., 0., 0., 0., 0., 0., 0., 1.],\n",
       "        [3., 0., 0., 0., 0., 1., 0., 0., 0., 0., 1., 0.],\n",
       "        [4., 0., 0., 0., 1., 0., 0., 0., 0., 0., 0., 1.],\n",
       "        [3., 0., 0., 0., 1., 0., 0., 0., 0., 0., 1., 0.],\n",
       "        [2., 0., 0., 0., 0., 1., 0., 0., 0., 0., 1., 0.],\n",
       "        [2., 0., 0., 0., 0., 1., 0., 0., 0., 0., 1., 0.],\n",
       "        [3., 0., 0., 0., 1., 0., 0., 0., 0., 0., 1., 0.],\n",
       "        [3., 0., 0., 0., 0., 1., 0., 0., 0., 0., 1., 0.],\n",
       "        [3., 0., 0., 0., 0., 1., 0., 0., 0., 0., 1., 0.],\n",
       "        [1., 0., 0., 0., 0., 0., 1., 0., 0., 0., 0., 0.],\n",
       "        [1., 0., 0., 0., 0., 0., 1., 0., 0., 0., 0., 0.],\n",
       "        [1., 0., 0., 0., 0., 0., 1., 0., 0., 0., 0., 0.],\n",
       "        [1., 0., 0., 0., 0., 0., 1., 0., 0., 0., 0., 0.],\n",
       "        [1., 0., 0., 0., 0., 0., 1., 0., 0., 0., 0., 0.],\n",
       "        [1., 0., 0., 0., 0., 0., 1., 0., 0., 0., 0., 0.],\n",
       "        [1., 0., 0., 0., 0., 0., 1., 0., 0., 0., 0., 0.],\n",
       "        [1., 0., 0., 0., 0., 0., 1., 0., 0., 0., 0., 0.],\n",
       "        [1., 0., 0., 0., 0., 0., 1., 0., 0., 0., 0., 0.],\n",
       "        [1., 0., 0., 0., 0., 0., 1., 0., 0., 0., 0., 0.],\n",
       "        [1., 0., 0., 0., 0., 0., 1., 0., 0., 0., 0., 0.]], dtype=float32),\n",
       " 'edges_features': array([[0, 1, array([0., 0., 1., 0., 0., 0.], dtype=float32)],\n",
       "        [1, 2, array([0., 0., 1., 0., 0., 0.], dtype=float32)],\n",
       "        [1, 3, array([1., 0., 1., 0., 0., 0.], dtype=float32)],\n",
       "        [3, 4, array([1., 0., 0., 1., 0., 0.], dtype=float32)],\n",
       "        [3, 5, array([1., 0., 1., 0., 0., 0.], dtype=float32)],\n",
       "        [5, 6, array([1., 0., 0., 1., 0., 0.], dtype=float32)],\n",
       "        [6, 7, array([1., 0., 1., 0., 0., 0.], dtype=float32)],\n",
       "        [6, 8, array([1., 0., 1., 0., 0., 0.], dtype=float32)],\n",
       "        [0, 9, array([0., 0., 1., 0., 0., 0.], dtype=float32)],\n",
       "        [0, 10, array([0., 0., 1., 0., 0., 0.], dtype=float32)],\n",
       "        [0, 11, array([0., 0., 1., 0., 0., 0.], dtype=float32)],\n",
       "        [2, 12, array([0., 0., 1., 0., 0., 0.], dtype=float32)],\n",
       "        [2, 13, array([0., 0., 1., 0., 0., 0.], dtype=float32)],\n",
       "        [2, 14, array([0., 0., 1., 0., 0., 0.], dtype=float32)],\n",
       "        [4, 15, array([0., 0., 1., 0., 0., 0.], dtype=float32)],\n",
       "        [7, 16, array([0., 0., 1., 0., 0., 0.], dtype=float32)],\n",
       "        [7, 17, array([0., 0., 1., 0., 0., 0.], dtype=float32)],\n",
       "        [8, 18, array([0., 0., 1., 0., 0., 0.], dtype=float32)],\n",
       "        [8, 19, array([0., 0., 1., 0., 0., 0.], dtype=float32)]],\n",
       "       dtype=object),\n",
       " 'adjacency_matrix': array([[0., 1., 0., 0., 0., 0., 0., 0., 0., 1., 1., 1., 0., 0., 0., 0.,\n",
       "         0., 0., 0., 0.],\n",
       "        [1., 0., 1., 1., 0., 0., 0., 0., 0., 0., 0., 0., 0., 0., 0., 0.,\n",
       "         0., 0., 0., 0.],\n",
       "        [0., 1., 0., 0., 0., 0., 0., 0., 0., 0., 0., 0., 1., 1., 1., 0.,\n",
       "         0., 0., 0., 0.],\n",
       "        [0., 1., 0., 0., 1., 1., 0., 0., 0., 0., 0., 0., 0., 0., 0., 0.,\n",
       "         0., 0., 0., 0.],\n",
       "        [0., 0., 0., 1., 0., 0., 0., 0., 0., 0., 0., 0., 0., 0., 0., 1.,\n",
       "         0., 0., 0., 0.],\n",
       "        [0., 0., 0., 1., 0., 0., 1., 0., 0., 0., 0., 0., 0., 0., 0., 0.,\n",
       "         0., 0., 0., 0.],\n",
       "        [0., 0., 0., 0., 0., 1., 0., 1., 1., 0., 0., 0., 0., 0., 0., 0.,\n",
       "         0., 0., 0., 0.],\n",
       "        [0., 0., 0., 0., 0., 0., 1., 0., 0., 0., 0., 0., 0., 0., 0., 0.,\n",
       "         1., 1., 0., 0.],\n",
       "        [0., 0., 0., 0., 0., 0., 1., 0., 0., 0., 0., 0., 0., 0., 0., 0.,\n",
       "         0., 0., 1., 1.],\n",
       "        [1., 0., 0., 0., 0., 0., 0., 0., 0., 0., 0., 0., 0., 0., 0., 0.,\n",
       "         0., 0., 0., 0.],\n",
       "        [1., 0., 0., 0., 0., 0., 0., 0., 0., 0., 0., 0., 0., 0., 0., 0.,\n",
       "         0., 0., 0., 0.],\n",
       "        [1., 0., 0., 0., 0., 0., 0., 0., 0., 0., 0., 0., 0., 0., 0., 0.,\n",
       "         0., 0., 0., 0.],\n",
       "        [0., 0., 1., 0., 0., 0., 0., 0., 0., 0., 0., 0., 0., 0., 0., 0.,\n",
       "         0., 0., 0., 0.],\n",
       "        [0., 0., 1., 0., 0., 0., 0., 0., 0., 0., 0., 0., 0., 0., 0., 0.,\n",
       "         0., 0., 0., 0.],\n",
       "        [0., 0., 1., 0., 0., 0., 0., 0., 0., 0., 0., 0., 0., 0., 0., 0.,\n",
       "         0., 0., 0., 0.],\n",
       "        [0., 0., 0., 0., 1., 0., 0., 0., 0., 0., 0., 0., 0., 0., 0., 0.,\n",
       "         0., 0., 0., 0.],\n",
       "        [0., 0., 0., 0., 0., 0., 0., 1., 0., 0., 0., 0., 0., 0., 0., 0.,\n",
       "         0., 0., 0., 0.],\n",
       "        [0., 0., 0., 0., 0., 0., 0., 1., 0., 0., 0., 0., 0., 0., 0., 0.,\n",
       "         0., 0., 0., 0.],\n",
       "        [0., 0., 0., 0., 0., 0., 0., 0., 1., 0., 0., 0., 0., 0., 0., 0.,\n",
       "         0., 0., 0., 0.],\n",
       "        [0., 0., 0., 0., 0., 0., 0., 0., 1., 0., 0., 0., 0., 0., 0., 0.,\n",
       "         0., 0., 0., 0.]], dtype=float32),\n",
       " 'distance_matrix': array([[0.        , 1.46686364, 2.53837972, 2.5090354 , 3.70604426,\n",
       "         2.85384867, 4.07592478, 4.99561176, 4.8488204 , 1.11061225,\n",
       "         1.11011082, 1.11055738, 3.25718618, 2.62033202, 3.26756828,\n",
       "         4.11197881, 5.99011507, 4.90122941, 4.65409471, 5.84679845],\n",
       "        [1.46686364, 0.        , 1.46796969, 1.44744658, 2.39362554,\n",
       "         2.48719473, 3.69500548, 4.3014884 , 4.80731907, 2.11763624,\n",
       "         2.14538935, 2.11747774, 2.11944376, 2.1448481 , 2.11958832,\n",
       "         2.66123963, 5.34293174, 4.01294055, 4.88396195, 5.75295894],\n",
       "        [2.53837972, 1.46796969, 0.        , 2.54251916, 2.88905539,\n",
       "         3.84381662, 4.97246272, 5.32330747, 6.18696364, 3.26101853,\n",
       "         2.62209954, 3.26690088, 1.11035559, 1.11009075, 1.11046496,\n",
       "         2.58081017, 6.35694854, 4.81617052, 6.32484475, 7.09430252],\n",
       "        [2.5090354 , 1.44744658, 2.54251916, 0.        , 1.29972087,\n",
       "         1.43859948, 2.46464525, 2.95523239, 3.73492259, 2.79396773,\n",
       "         3.45496429, 2.80089769, 2.85761557, 3.47527831, 2.83244923,\n",
       "         2.07356517, 3.98668968, 2.7607248 , 4.03163486, 4.60423327],\n",
       "        [3.70604426, 2.39362554, 2.88905539, 1.29972087, 0.        ,\n",
       "         2.36786015, 2.94262792, 2.88214571, 4.31855402, 4.03463087,\n",
       "         4.53469974, 4.01049686, 2.88491741, 3.98044065, 2.88968444,\n",
       "         1.04269461, 3.8230475 , 2.45834686, 4.81570393, 5.02372564],\n",
       "        [2.85384867, 2.48719473, 3.84381662, 1.43859948, 2.36786015,\n",
       "         0.        , 1.30364561, 2.39606686, 2.35147286, 2.80585264,\n",
       "         3.95721663, 2.79017991, 4.1918597 , 4.63198243, 4.18585212,\n",
       "         3.34745891, 3.31880951, 2.70967936, 2.59769396, 3.29475547],\n",
       "        [4.07592478, 3.69500548, 4.97246272, 2.46464525, 2.94262792,\n",
       "         1.30364561, 0.        , 1.43331885, 1.42746653, 3.81428101,\n",
       "         5.1796233 , 4.01318218, 5.30341732, 5.82212295, 5.13265944,\n",
       "         3.97703301, 2.15081941, 2.17622796, 2.1550523 , 2.15491823],\n",
       "        [4.99561176, 4.3014884 , 5.32330747, 2.95523239, 2.88214571,\n",
       "         2.39606686, 1.43331885, 0.        , 2.46527814, 4.70905898,\n",
       "         6.04788637, 5.15052901, 5.63034452, 6.28228026, 5.20082199,\n",
       "         3.788588  , 1.04394837, 1.04268122, 3.41710745, 2.67763667],\n",
       "        [4.8488204 , 4.80731907, 6.18696364, 3.73492259, 4.31855402,\n",
       "         2.35147286, 1.42746653, 2.46527814, 0.        , 4.4779182 ,\n",
       "         5.9396266 , 4.55835395, 6.52189002, 6.94133443, 6.4469229 ,\n",
       "         5.36053233, 2.67189457, 3.40379191, 1.04444972, 1.0440058 ],\n",
       "        [1.11061225, 2.11763624, 3.26101853, 2.79396773, 4.03463087,\n",
       "         2.80585264, 3.81428101, 4.70905898, 4.4779182 , 0.        ,\n",
       "         1.79775699, 1.81106531, 4.12466576, 3.37766011, 3.71197587,\n",
       "         4.56364046, 5.64549387, 4.6465486 , 4.31867624, 5.40726769],\n",
       "        [1.11011082, 2.14538935, 2.62209954, 3.45496429, 4.53469974,\n",
       "         3.95721663, 5.1796233 , 6.04788637, 5.9396266 , 1.79775699,\n",
       "         0.        , 1.79695087, 3.37389827, 2.22141604, 3.39578763,\n",
       "         4.74637705, 7.05328852, 5.86844344, 5.69538307, 6.93529961],\n",
       "        [1.11055738, 2.11747774, 3.26690088, 2.80089769, 4.01049686,\n",
       "         2.79017991, 4.01318218, 5.15052901, 4.55835395, 1.81106531,\n",
       "         1.79695087, 0.        , 3.7063445 , 3.39540806, 4.13297834,\n",
       "         4.53471405, 6.09140788, 5.2571284 , 4.17300141, 5.59566679],\n",
       "        [3.25718618, 2.11944376, 1.11035559, 2.85761557, 2.88491741,\n",
       "         4.1918597 , 5.30341732, 5.63034452, 6.52189002, 4.12466576,\n",
       "         3.37389827, 3.7063445 , 0.        , 1.7940222 , 1.81659894,\n",
       "         2.38456364, 6.63392627, 5.16321205, 6.65949216, 7.42522789],\n",
       "        [2.62033202, 2.1448481 , 1.11009075, 3.47527831, 3.98044065,\n",
       "         4.63198243, 5.82212295, 6.28228026, 6.94133443, 3.37766011,\n",
       "         2.22141604, 3.39540806, 1.7940222 , 0.        , 1.79386326,\n",
       "         3.68204989, 7.32327499, 5.79861525, 6.96394125, 7.88584789],\n",
       "        [3.26756828, 2.11958832, 1.11046496, 2.83244923, 2.88968444,\n",
       "         4.18585212, 5.13265944, 5.20082199, 6.4469229 , 3.71197587,\n",
       "         3.39578763, 4.13297834, 1.81659894, 1.79386326, 0.        ,\n",
       "         2.40870252, 6.19712331, 4.5087786 , 6.73750086, 7.26272703],\n",
       "        [4.11197881, 2.66123963, 2.58081017, 2.07356517, 1.04269461,\n",
       "         3.34745891, 3.97703301, 3.788588  , 5.36053233, 4.56364046,\n",
       "         4.74637705, 4.53471405, 2.38456364, 3.68204989, 2.40870252,\n",
       "         0.        , 4.6822334 , 3.18904092, 5.84334703, 6.05250727],\n",
       "        [5.99011507, 5.34293174, 6.35694854, 3.98668968, 3.8230475 ,\n",
       "         3.31880951, 2.15081941, 1.04394837, 2.67189457, 5.64549387,\n",
       "         7.05328852, 6.09140788, 6.63392627, 7.32327499, 6.19712331,\n",
       "         4.6822334 , 0.        , 1.7819486 , 3.71134759, 2.46429341],\n",
       "        [4.90122941, 4.01294055, 4.81617052, 2.7607248 , 2.45834686,\n",
       "         2.70967936, 2.17622796, 1.04268122, 3.40379191, 4.6465486 ,\n",
       "         5.86844344, 5.2571284 , 5.16321205, 5.79861525, 4.5087786 ,\n",
       "         3.18904092, 1.7819486 , 0.        , 4.28711106, 3.68594712],\n",
       "        [4.65409471, 4.88396195, 6.32484475, 4.03163486, 4.81570393,\n",
       "         2.59769396, 2.1550523 , 3.41710745, 1.04444972, 4.31867624,\n",
       "         5.69538307, 4.17300141, 6.65949216, 6.96394125, 6.73750086,\n",
       "         5.84334703, 3.71134759, 4.28711106, 0.        , 1.7983108 ],\n",
       "        [5.84679845, 5.75295894, 7.09430252, 4.60423327, 5.02372564,\n",
       "         3.29475547, 2.15491823, 2.67763667, 1.0440058 , 5.40726769,\n",
       "         6.93529961, 5.59566679, 7.42522789, 7.88584789, 7.26272703,\n",
       "         6.05250727, 2.46429341, 3.68594712, 1.7983108 , 0.        ]]),\n",
       " 'coords': array([[-1.95559478,  0.91790496, -0.79395424],\n",
       "        [-1.4896677 , -0.35114352, -0.22464161],\n",
       "        [-2.38210847, -1.51664949, -0.21567895],\n",
       "        [-0.14252821, -0.42867598,  0.29910022],\n",
       "        [ 0.29471041, -1.51072486,  0.87117273],\n",
       "        [ 0.68063534,  0.75107226,  0.28628178],\n",
       "        [ 1.98207251,  0.81973018,  0.25404426],\n",
       "        [ 2.80206903, -0.34050059,  0.06464199],\n",
       "        [ 2.60548102,  2.10024728,  0.35047293],\n",
       "        [-1.30324755,  1.20901028, -1.6443426 ],\n",
       "        [-2.99853758,  0.84748851, -1.1676625 ],\n",
       "        [-1.92130815,  1.71153487, -0.01786552],\n",
       "        [-2.57136111, -1.83739997,  0.83035743],\n",
       "        [-3.36284201, -1.289723  , -0.68361865],\n",
       "        [-1.91907636, -2.34944938, -0.78592277],\n",
       "        [-0.2556475 , -2.39230567,  0.95563275],\n",
       "        [ 3.83840502, -0.26280363,  0.1636324 ],\n",
       "        [ 2.42435025, -1.23100969, -0.324596  ],\n",
       "        [ 2.02960734,  2.96354553,  0.46862896],\n",
       "        [ 3.64458852,  2.18985192,  0.30383906]]),\n",
       " 'voxels': array([[[0., 0., 0., ..., 0., 0., 0.],\n",
       "         [0., 0., 0., ..., 0., 0., 0.],\n",
       "         [0., 0., 0., ..., 0., 0., 0.],\n",
       "         ...,\n",
       "         [0., 0., 0., ..., 0., 0., 0.],\n",
       "         [0., 0., 0., ..., 0., 0., 0.],\n",
       "         [0., 0., 0., ..., 0., 0., 0.]],\n",
       " \n",
       "        [[0., 0., 0., ..., 0., 0., 0.],\n",
       "         [0., 0., 0., ..., 0., 0., 0.],\n",
       "         [0., 0., 0., ..., 0., 0., 0.],\n",
       "         ...,\n",
       "         [0., 0., 0., ..., 0., 0., 0.],\n",
       "         [0., 0., 0., ..., 0., 0., 0.],\n",
       "         [0., 0., 0., ..., 0., 0., 0.]],\n",
       " \n",
       "        [[0., 0., 0., ..., 0., 0., 0.],\n",
       "         [0., 0., 0., ..., 0., 0., 0.],\n",
       "         [0., 0., 0., ..., 0., 0., 0.],\n",
       "         ...,\n",
       "         [0., 0., 0., ..., 0., 0., 0.],\n",
       "         [0., 0., 0., ..., 0., 0., 0.],\n",
       "         [0., 0., 0., ..., 0., 0., 0.]],\n",
       " \n",
       "        ...,\n",
       " \n",
       "        [[0., 0., 0., ..., 0., 0., 0.],\n",
       "         [0., 0., 0., ..., 0., 0., 0.],\n",
       "         [0., 0., 0., ..., 0., 0., 0.],\n",
       "         ...,\n",
       "         [0., 0., 0., ..., 0., 0., 0.],\n",
       "         [0., 0., 0., ..., 0., 0., 0.],\n",
       "         [0., 0., 0., ..., 0., 0., 0.]],\n",
       " \n",
       "        [[0., 0., 0., ..., 0., 0., 0.],\n",
       "         [0., 0., 0., ..., 0., 0., 0.],\n",
       "         [0., 0., 0., ..., 0., 0., 0.],\n",
       "         ...,\n",
       "         [0., 0., 0., ..., 0., 0., 0.],\n",
       "         [0., 0., 0., ..., 0., 0., 0.],\n",
       "         [0., 0., 0., ..., 0., 0., 0.]],\n",
       " \n",
       "        [[0., 0., 0., ..., 0., 0., 0.],\n",
       "         [0., 0., 0., ..., 0., 0., 0.],\n",
       "         [0., 0., 0., ..., 0., 0., 0.],\n",
       "         ...,\n",
       "         [0., 0., 0., ..., 0., 0., 0.],\n",
       "         [0., 0., 0., ..., 0., 0., 0.],\n",
       "         [0., 0., 0., ..., 0., 0., 0.]]]),\n",
       " 'label': 0}"
      ]
     },
     "execution_count": 79,
     "metadata": {},
     "output_type": "execute_result"
    }
   ],
   "source": [
    "graph_data[0]"
   ]
  },
  {
   "cell_type": "code",
   "execution_count": null,
   "id": "36e105ac",
   "metadata": {},
   "outputs": [],
   "source": []
  }
 ],
 "metadata": {
  "kernelspec": {
   "display_name": "Python 3 (ipykernel)",
   "language": "python",
   "name": "python3"
  },
  "language_info": {
   "codemirror_mode": {
    "name": "ipython",
    "version": 3
   },
   "file_extension": ".py",
   "mimetype": "text/x-python",
   "name": "python",
   "nbconvert_exporter": "python",
   "pygments_lexer": "ipython3",
   "version": "3.11.4"
  }
 },
 "nbformat": 4,
 "nbformat_minor": 5
}
